{
  "height": 34,
  "width": 70,
  "x": 267.21875,
  "y": 667.5000305175781
}